MEME version 4.4

ALPHABET= ACGT

strands: + -

Background letter frequencies (from uniform background):
A 0.25000 C 0.25000 G 0.25000 T 0.25000 

MOTIF 1 TTTCCVAGAAAAN

letter-probability matrix: alength= 4 w= 13 nsites= 20 E= 0
  0.152047	  0.233918	  0.087719	  0.526316	
  0.000000	  0.000000	  0.040936	  0.959064	
  0.000000	  0.046784	  0.000000	  0.953216	
  0.198830	  0.666667	  0.046784	  0.087719	
  0.181287	  0.725146	  0.000000	  0.093567	
  0.257310	  0.514620	  0.192982	  0.035088	
  0.701754	  0.192982	  0.105263	  0.000000	
  0.000000	  0.040936	  0.853801	  0.105263	
  0.959064	  0.000000	  0.040936	  0.000000	
  1.000000	  0.000000	  0.000000	  0.000000	
  0.514620	  0.105263	  0.233918	  0.146199	
  0.578947	  0.175439	  0.046784	  0.198830	
  0.244152	  0.250000	  0.402047	  0.103801	

